20 19
11 8 1
19 13 1
1 2 2
5 1 2
2 3 5
12 4 5
2 13 8
8 4 8
9 12 9
14 1 11
17 18 11
20 8 11
1 8 13
7 16 13
17 20 14
7 14 15
17 6 15
15 19 27
10 16 37
140
6 11
16 13
10 3
2 17
14 1
20 15
10 1
15 5
4 15
19 3
3 12
15 12
15 7
19 4
2 18
3 11
8 14
9 15
16 17
19 7
6 20
15 8
10 12
12 6
10 10
14 17
7 18
9 3
19 4
16 15
14 2
1 16
19 5
20 16
6 7
13 12
3 7
3 11
17 9
7 8
10 3
16 8
13 9
13 8
9 1
18 15
14 17
2 3
5 7
17 15
15 11
20 1
19 6
12 12
1 17
3 2
12 11
1 14
8 2
19 18
10 15
2 16
9 14
2 17
10 20
6 20
9 12
9 6
7 4
13 18
13 14
8 10
5 4
14 13
15 12
11 11
8 15
6 16
8 17
13 12
17 12
15 7
16 14
8 15
4 5
9 19
7 15
15 17
7 5
18 5
14 7
14 15
14 4
18 19
20 4
18 13
20 17
7 15
12 12
20 3
11 1
8 13
20 4
17 15
3 6
8 15
5 2
18 11
1 9
11 6
3 12
9 4
4 19
14 19
1 11
14 3
6 6
2 9
17 12
2 7
6 9
20 14
10 18
20 6
20 1
20 18
7 9
2 8
16 13
5 4
11 9
8 17
12 6
1 18
11 16
20 12
15 18
11 4
18 5
20 12
